48
46
47
47
45
45
42
41
37
37
38
39
38
40
39
39
74
76
85
99
92
92
99
100
98
100
98
99
102
103
22
20
22
20
21
27
33
34
34
33
35
34
58
58
60
59
60
59
57
53
55
49
52
54
54
52
48
47
15
21
15
21
20
20
20
23
23
22
25
22
23
26
24
26
27
27
145
144
154
152
162
160
172
169
166
114
112
115
115
116
118
122
122
54
55
57
57
56
54
56
55
55
55
50
51
51
100
99
100
100
100
94
100
100
101
94
99
96
93
89
89
89
89
88
88
87
86
89
87
87
89
85
80
82
82
83
61
59
61
58
53
53
52
46
50
53
54
53
50
49
163
120
105
82
75
83
86
85
59
61
60
59
60
59
51
54
53
47
50
55
53
54
50
49
152
145
147
149
148
150
151
153
63
64
65
62
65
66
67
59
61
61
58
59
58
52
51
56
48
50
51
51
54
51
49
46
45
50
50
54
53
53
158
160
169
165
162
143
141
148
143
141
125
118
119
137
135
86
86
86
81
82
83
84
86
87
185
185
176
176
174
175
176
179
174
170
174
173
156
141
62
58
60
60
59
59
59
52
52
54
46
50
54
54
53
49
49
159
160
157
154
152
132
135
127
123
110
97
106
119
118
35
31
42
43
38
43
58
139
141
139
135
118
116
115
117
115
115
119
118
116
130
130
130
130
131
129
122
122
132
123
131
125
124
96
95
102
111
108
99
99
101
94
85
83
86
75
73
71
22
20
21
21
20
26
26
28
33
33
359
354
349
356
349
349
350
349
349
348
347
328
347
346
349
352
348
351
361
361
231
234
217
212
190
162
147
145
150
153
98
94
98
96
98
98
98
98
96
81
229
227
224
210
202
221
213
200
209
198
68
63
63
64
62
62
59
58
57
58
56
60
58
57
59
61
58
60
60
60
97
94
97
95
94
91
91
90
87
84
87
102
103
102
100
113
118
106
105
94
94
92
117
117
112
110
108
96
98
93
92
90
86
85
84
87
86
89
86
89
86
84
86
88
84
83
81
80
35
35
34
35
37
38
37
38
37
36
37
36
108
111
107
106
106
105
102
102
106
105
85
81
82
80
85
76
79
79
77
75
75
75
71
72
72
81
79
80
76
75
69
71
71
69
68
78
92
93
55
57
58
58
57
56
58
59
56
51
50
53
55
54
49
49
47
37
35
36
33
36
40
37
38
36
36
36
35
35
326
325
326
324
327
324
323
325
329
327
330
330
329
99
100
110
111
110
117
117
103
95
92
92
121
116
109
109
108
90
97
85
89
100
100
101
101
100
97
102
101
102
96
101
97
96
156
158
154
156
153
140
144
148
148
145
143
147
141
128
121
119
117
122
333
332
337
321
324
331
317
320
291
267
251
238
173
168
148
144
139
134
131
134
131
126
30
29
31
28
28
31
27
28
31
30
31
239
241
187
189
196
179
178
214
173
184
189
171
151
146
133
141
152
111
110
101
84
75
78
78
77
76
77
45
43
46
44
44
46
48
49
49
48
207
205
196
193
189
48
46
47
47
45
45
42
41
37
37
38
39
38
40
39
39
74
76
85
99
92
92
99
100
98
100
98
99
102
103
22
20
22
20
21
27
33
34
34
33
35
34
58
58
60
59
60
59
57
53
55
49
52
54
54
52
48
47
15
21
15
21
20
20
20
23
23
22
25
22
23
26
24
26
27
27
145
144
154
152
162
160
172
169
166
114
112
115
115
116
118
122
122
54
55
57
57
56
54
56
55
55
55
50
51
51
100
99
100
100
100
94
100
100
101
94
99
96
93
89
89
89
89
88
88
87
86
89
87
87
89
85
80
82
82
83
61
59
61
58
53
53
52
46
50
53
54
53
50
49
163
120
105
82
75
83
86
85
59
61
60
59
60
59
51
54
53
47
50
55
53
54
50
49
152
145
147
149
148
150
151
153
63
64
65
62
65
66
67
59
61
61
58
59
58
52
51
56
48
50
51
51
54
51
49
46
45
50
50
54
53
53
158
160
169
165
162
143
141
148
143
141
125
118
119
137
135
86
86
86
81
82
83
84
86
87
185
185
176
176
174
175
176
179
174
170
174
173
156
141
62
58
60
60
59
59
59
52
52
54
46
50
54
54
53
49
49
159
160
157
154
152
132
135
127
123
110
97
106
119
118
35
31
42
43
38
43
58
139
141
139
135
118
116
115
117
115
115
119
118
116
130
130
130
130
131
129
122
122
132
123
131
125
124
96
95
102
111
108
99
99
101
94
85
83
86
75
73
71
22
20
21
21
20
26
26
28
33
33
359
354
349
356
349
349
350
349
349
348
347
328
347
346
349
352
348
351
361
361
231
234
217
212
190
162
147
145
150
153
98
94
98
96
98
98
98
98
96
81
229
227
224
210
202
221
213
200
209
198
68
63
63
64
62
62
59
58
57
58
56
60
58
57
59
61
58
60
60
60
97
94
97
95
94
91
91
90
87
84
87
102
103
102
100
113
118
106
105
94
94
92
117
117
112
110
108
96
98
93
92
90
86
85
84
87
86
89
86
89
86
84
86
88
84
83
81
80
35
35
34
35
37
38
37
38
37
36
37
36
108
111
107
106
106
105
102
102
106
105
85
81
82
80
85
76
79
79
77
75
75
75
71
72
72
81
79
80
76
75
69
71
71
69
68
78
92
93
55
57
58
58
57
56
58
59
56
51
50
53
55
54
49
49
47
37
35
36
33
36
40
37
38
36
36
36
35
35
326
325
326
324
327
324
323
325
329
327
330
330
329
99
100
110
111
110
117
117
103
95
92
92
121
116
109
109
108
90
97
85
89
100
100
101
101
100
97
102
101
102
96
101
97
96
156
158
154
156
153
140
144
148
148
145
143
147
141
128
121
119
117
122
333
332
337
321
324
331
317
320
291
267
251
238
173
168
148
144
139
134
131
134
131
126
30
29
31
28
28
31
27
28
31
30
31
239
241
187
189
196
179
178
214
173
184
189
171
151
146
133
141
152
111
110
101
84
75
78
78
77
76
77
45
43
46
44
44
46
48
49
49
48
207
205
196
193
189
